97
115
146
147
173
194
207
241
246
543
556
605
619
635
666
717
721
789
860
880
892
921
923
924
996
1063
1085
1096
1114
1124
1125
1148
1159
1202
1216
1219
1223
1278
1279
1280
1325
1354
1369
1370
1470
1615
1620
1712
1785
1788
1795
1853
1967
1991
1994
2045
2046
2080
2095
2130
2131
2132
2166
2203
2208
2216
2223
2247
2261
2262
2265
2326
2327
2393
2408
2431
2465
2484
2524
2525
2654
2819
2994
3183
3599
3730
3799
3854
3859
3965
4193
4345
4496
4504
4730
4775
4941
5028
5080
5528
5582
5638
5772
5797
5970
5975
5985
6005
6167
6216
6243
6317
6480
6579
6643
6723
6883
6902
6914
6968
7065
7494
7501
7714
7725
7736
8062
8130
8167
8193
8417
8516
8531
8543
8633
8788
8838
8873
8910
8917
9097
9217
9333
9372
9495
10009
10358
10389
10531
10661
10840
10898
11002
11005
11066
11143
11305
11674
11775
11819
11968
12105
12417
12428
12465
12494
12506
12608
12825
12957
13048
13329
13474
13494
13590
13756
13758
13928
13949
14125
14126
14367
14406
14440
14785
14805
15086
15217
15371
15890
15938
15958
15990
16088
16225
16278
16303
16308
16391
16415
16450
16485
16505
16506
16510
16521
16581
16584
16591
16592
16599
16654
16716
16847
16959
17025
17136
17169
17170
17224
17347
17411
18694
19101
19278
19316
19469
19569
19572
19573
19712
19737
19915
20027
20100
20130
20131
20346
20496
20881
21036
21459
21523
21697
21741
21845
22391
22393
22528
22641
22956
23001
23093
23199
23417
23522
24418
24806
24991
25047
26280
26351
26386
26401
26431
26465
26590
26722
27029
27072
27111
27112
27152
27185
27190
27229
27251
27278
27307
27308
27309
27340
27341
27342
27347
27368
27370
27385
27417
27419
27495
27546
27569
27570
27575
27576
27588
27609
27610
27611
27616
27624
27626
27629
27638
27639
27647
27648
27713
27780
27812
27912
28112
28119
28310
28331
28477
28699
28939
28976
29005
29090
29097
29569
29637
29890
29989
30072
30602
31241
31289
31422
31804
31811
31857
32027
32842
32869
33055
33060
33202
33216
33254
33307
33341
33373
33576
33664
33667
33679
33727
33809
33889
33986
34094
34197
34234
34608
35271
35486
36662
36864
37260
37266
37316
37493
37820
38569
38588
38727
38833
38898
39540
39624
39857
40536
40542
41434
41644
42290
42468
42520
43086
43261
43354
43448
43740
43934
43952
44647
44876
44905
44920
45838
46073
46385
46726
46727
47340
47447
47675
48697
48701
48849
49842
49847
49869
49931
50440
51042
51056
51162
51182
52087
52523
52874
53616
53686
54051
54149
54211
54547
54722
54825
55033
56095
56131
56402
56432
56480
56644
56752
56831
57175
57833
58232
58841
59519
60232
60319
60371
60401
61181
61680
61682
61706
61945
62111
62182
62259
62615
62701
62817
63100
63252
63445
63649
64200
65351
65415
65494
65539
65605
65648
65728
65798
66016
66029
66213
66273
67010
67617
68396
68607
68817
69277
70140
70239
70674
70675
71516
72035
72036
72505
72873
73547
73548
74284
74911
75752
75901
76538
76760
76766
76963
77085
77128
77456
77459
77474
77652
77779
78303
78902
79047
80209
80965
81683
82047
82721
82983
83000
83044
83515
83724
83772
83838
84251
84505
84624
84644
84655
85233
85305
85649
86042
86284
86466
86784
87771
88100
88232
88316
88739
88797
88815
88841
89357
89526
89672
90635
91783
92412
92458
93117
93617
93858
93895
94091
94408
94484
94571
94790
95909
95929
95969
95970
95978
96021
96107
96595
97867
98346
99024
99284
99320
99389
100157
100310
100696
101810
101924
102073
102584
105252
105442
107119
109797
109807
110435
110803
111185
111390
111482
111491
111498
111871
112090
112480
112560
112651
112655
112665
113138
114406
114480
114506
116349
116949
117108
118617
119162
119288
119498
119640
119717
121124
122170
122247
122252
122901
123693
123976
125261
125294
126356
127755
128555
132003
134100
134333
136161
136282
138562
138594
139014
139045
139046
139210
139225
139241
139281
139286
139434
139866
139940
140107
140117
141484
142808
143284
144744
144940
147927
147956
147981
148004
148018
149095
149457
150313
150389
150423
150451
150452
150549
150882
150941
150989
151063
151300
151310
151408
152610
152728
152751
153330
153342
154051
155006
155045
157330
158276
158277
160056
161281
161649
162546
164035
164064
165474
165774
167260
167875
169321
169652
170395
171062
171587
175106
175331
178290
178495
178545
178796
180329
181939
182546
184737
187372
187515
187696
187962
188196
188707
188815
189099
189203
189204
190484
190629
191172
191342
191902
192908
193096
193281
195106
195974
196215
203048
203627
204115
208661
208749
208978
209007
209162
209224
209594
209829
210388
213505
213639
214701
217548
219327
219334
221962
222203
222633
223819
226400
226851
226880
227437
227917
228121
228354
229058
229172
230249
230444
230659
230691
230966
230999
231013
231062
233590
235211
236376
237139
237298
238127
238336
238429
239465
240769
242303
242716
243124
244450
245084
246935
247401
248669
249414
249814
250297
250328
250508
250908
252155
253862
254975
255221
255347
255477
255508
255510
255534
255904
255947
257016
258371
258709
259959
261343
263453
264400
264453
266225
267163
267825
271725
276734
279727
281549
282661
282991
283529
286065
289505
291960
293438
296388
297372
299120
299299
300022
301194
304381
304383
304390
304398
304798
304903
305519
306429
306485
306486
308174
308201
308422
308699
308917
311242
311503
312971
313314
314132
314827
315123
316347
316765
316787
317124
318390
319858
320522
320810
321172
321696
321707
321964
324544
325236
325239
328153
328158
328164
328201
328286
328400
328601
330452
333157
333370
334337
334866
336913
337366
338934
340684
341064
341382
341603
342897
343964
345595
348726
351701
353011
353270
353902
355897
355917
358192
359778
360720
360723
361469
363589
364141
364520
364693
364859
365189
365248
365281
365284
365538
366271
366274
366278
366279
366860
366868
367860
368538
369179
369464
370289
371546
371561
371631
372385
372438
373806
373856
373970
373981
373985
374005
374008
374037
374052
374064
374548
374719
377715
377718
377721
378124
378207
378216
378218
378225
378315
380567
381691
381693
384948
386327
386457
388574
388819
389011
390556
390877
390990
392195
393942
394165
394229
394231
394539
394996
395607
397074
397524
397873
398458
399292
399361
399873
400344
401141
402531
403465
404691
405364
405365
405366
406189
406520
406787
407354
407549
408842
410802
416772
417163
417180
418344
418401
418411
418414
418415
418482
418484
418489
418491
418845
419410
419508
419542
419580
419596
419598
419601
419622
420985
420999
421007
421032
421034
421038
421058
421066
421070
421082
421089
421157
421208
421317
421326
421332
421334
421902
422253
423366
425650
426045
426067
426660
427010
427379
427670
428747
428791
429156
429174
429204
429737
430124
430250
430506
430522
430546
430597
430642
431141
431376
433015
435188
435293
436204
437211
438435
438486
439720
441579
442013
442077
442342
442943
443255
443348
444077
444191
444419
444572
444750
445395
445681
446279
446784
447448
447955
448872
448986
450864
451744
452635
453043
453046
453121
453512
453520
453532
453538
453564
453573
453578
453579
453719
453721
453722
453832
453911
453914
454070
454076
454084
454141
454250
454306
454365
454373
454382
454446
454514
454576
454578
455284
456123
456266
457398
458729
458773
458912
459679
460092
460466
462435
465356
466038
466768
466810
467361
468199
468656
469580
469632
469690
469732
469763
469866
470800
478059
479129
480382
480746
482031
483808
484020
485100
485738
485902
485955
486421
486789
486977
487711
489525
490064
490427
490981
493099
494630
495109
495572
496769
496910
497165
497229
497230
497291
497330
497784
498105
499120
499179
499624
500007
500520
503213
504234
504310
505776
506444
508532
508604
508667
508755
508828
510462
511465
513301
515027
515206
515239
518361
519284
520269
520664
522730
524710
529987
543171
543228
543263
543306
543658
543703
544432
544765
545075
545509
545956
545974
546564
547402
547576
547681
548124
548594
548913
549367
549372
549674
550053
550303
550657
550857
550917
551003
551147
551160
551224
551486
552883
553490
554127
554800
554892
555972
557467
557741
558106
558295
558566
559106
560078
561520
561914
562404
563318
563451
564219
564291
564990
567195
567201
570147
573926
574221
574519
575670
577065
577488
579689
579824
580438
581569
581814
581819
581843
581848
581850
581858
581859
583322
583519
583520
583522
583530
591037
594843
595277
596044
597282
598402
598447
598560
602271
603199
604618
604643
608601
609761
610112
611647
611679
613911
618203
621308
622408
622436
622931
624012
624125
624161
624172
624185
624225
624251
624296
624467
625589
626138
626453
627419
628156
630322
630396
630439
630539
630886
631502
631810
641189
642358
643220
647206
649637
650126
651088
652997
654675
656783
657299
660529
660560
661783
663382
663629
668275
668616
672807
673030
673274
674272
674273
674274
674277
674279
674280
674281
674282
674283
674285
674286
674289
674290
674291
674292
674293
674294
674297
674298
674299
674302
674305
674307
674308
674309
674310
674311
674317
674318
674319
674321
674325
674326
674327
674328
674330
674331
674333
674334
674335
674336
674337
674338
674339
674342
674343
674344
674346
674347
674348
674349
674350
674351
674353
674356
674357
674360
674361
674362
674363
674364
674369
674370
674371
674372
674375
674376
674377
674381
674382
674383
674385
674387
674388
674389
674390
674391
674395
674397
674399
674400
674403
674404
674405
674406
674408
674409
674411
674412
674414
674415
674418
674419
674420
674421
674423
674424
674425
674426
674428
674429
674430
674431
674433
674434
674436
674438
674441
674442
674443
674444
674445
674446
674448
674449
674451
674452
674454
674457
674458
674459
674460
674461
674462
674465
674466
674467
674468
674472
674473
674474
674478
674479
674481
674482
674483
674485
674486
674489
674490
674492
674493
674494
674495
674496
674499
674500
674501
674504
674505
674506
674507
674508
674509
674510
674511
674512
674513
674514
674520
674522
674523
674529
674531
674532
674533
674535
674536
674537
674539
674540
674543
674544
674546
674547
674548
674549
674550
674551
674552
674555
674557
674558
674560
674561
674563
674564
674565
674567
674568
674569
674572
674573
674574
674575
674576
674579
674580
674581
674583
674584
674586
674587
674589
674590
674592
674593
674595
674596
674598
674599
674600
674605
674607
674610
674611
674612
674614
674615
674616
674617
674621
674622
674623
674624
674626
674627
674629
674630
674631
674632
674633
674637
674639
674640
674641
674643
674644
674645
674646
674647
674649
674650
674652
674654
674656
674657
674658
674660
674661
674662
674665
674666
674669
674672
674673
674675
674676
674678
674679
674680
674683
674684
674685
674686
674687
674688
674694
674695
674696
674698
674699
674700
674701
674702
674706
674758
674708
674709
674710
674711
674712
674713
674715
674719
674720
674722
674723
674724
674725
674726
674727
674729
674730
674732
674733
674738
674740
674741
674742
674745
674746
674747
674748
674749
674750
674751
674753
674754
674755
674756
674757
674760
674761
674764
674765
674768
674770
674771
674773
674774
674776
674777
674779
674780
674782
674783
674784
674786
674787
674788
674792
674794
674796
674799
674801
674802
674803
674804
674805
674806
674808
674810
674812
674813
674814
674816
674817
674819
674820
674821
674824
674825
674826
674828
674829
674830
674831
674832
674836
674838
674841
674842
674844
674846
674847
674850
674852
674854
674855
674857
674858
674859
674860
674861
674863
674865
674867
674871
674873
674921
674874
674878
674880
674881
674883
674884
674885
674886
674887
674888
674891
674895
674896
674897
674898
674899
674900
674901
674902
674903
674904
674906
674910
674912
674913
674914
674915
674916
674918
674919
674920
674922
674923
674924
674925
674926
674927
674928
674930
674931
674932
674933
674934
674935
674937
674938
674939
674940
674942
674944
674945
674951
674952
674953
674954
674956
674957
674961
674962
674963
674964
674965
674966
674967
674969
674970
674971
674973
674974
674978
674983
674984
674986
674988
674989
674990
674992
674993
674994
674995
674997
674998
674999
675000
675001
675002
675003
675005
675007
675008
675010
675011
675012
675014
675015
675016
675017
675018
675019
675022
675024
675026
675029
675031
675032
675033
675034
675038
675040
675044
675049
675050
675052
675053
675054
675055
675059
675060
675061
675063
675066
675067
675068
675069
675070
675071
675072
675075
675076
675078
675080
675082
675083
675085
675087
675089
675090
675092
675093
675097
675098
675099
675100
675101
675102
675103
675104
675105
675106
675107
675110
675112
675113
675114
675116
675118
675119
675121
675122
675124
675125
675128
675129
675130
675131
675133
675135
675136
675137
675138
675140
675141
675142
675143
675144
675146
675147
675148
675149
675150
675152
675153
675154
675155
675157
675158
675159
675161
675163
675164
675167
675168
675169
675170
675171
675173
675175
675178
675180
675182
675183
675184
675185
675186
675187
675188
675255
675193
675194
675195
675196
675198
675199
675201
675202
675206
675207
675211
675212
675213
675214
675215
675216
675217
675220
675221
675222
675224
675225
675226
675232
675235
675237
675238
675239
675240
675242
675244
675245
675246
675251
675252
675253
675254
675259
675260
675264
675265
675268
675270
675271
675272
675274
675276
675279
675280
675285
675286
675287
675289
675291
675292
675293
675296
675297
675298
675300
675303
675304
675305
675306
675307
675360
675361
675363
675366
675367
675368
675369
675370
675371
675373
675374
675376
675377
675380
675381
675383
675386
675387
675388
675389
675392
675393
675394
675396
675398
675399
675405
675406
675407
675409
675410
675411
675413
675416
675418
675419
675424
675428
675430
675431
675433
675434
675435
675436
675438
675439
675441
675443
675444
675445
675446
675448
675450
675451
675454
675456
675460
675462
675463
675464
675465
675466
675467
675468
675469
675473
675474
675476
675477
675478
675480
675481
675482
675483
675484
675485
675487
675488
675490
675491
675492
675493
675494
675495
675496
675499
675500
675501
675502
675503
675504
675505
675506
675507
675508
675510
675513
675515
675516
675518
675519
675520
675521
675522
675524
675525
675526
675527
675528
675530
675534
675535
675536
675537
675539
675540
675541
675542
675543
675544
675545
675546
675547
675548
675549
675551
675552
675553
675554
675556
675558
675559
675560
675561
675562
675563
675564
675565
675567
675569
675570
675571
675572
675574
675576
675577
675578
675579
675581
675582
675586
675587
675588
675589
675591
675593
675594
675595
675596
675597
675598
675599
675600
675601
675603
675604
675605
675607
675608
675609
675610
675611
675613
675615
675616
675617
675618
675621
675622
675623
675625
675627
675628
675637
675639
675667
675675
675679
675680
675682
675684
675685
675686
675691
675694
675696
675697
675698
675699
675700
675703
675704
675705
675709
675710
675711
675712
675715
675716
675717
675721
675723
675724
675725
675726
675727
675728
675730
675731
675733
675735
675736
675737
675738
675745
675749
675750
675772
675773
675774
675775
675776
675777
675778
675779
675781
675782
675783
675784
675785
675786
675787
675788
675812
675813
675814
675816
675842
678116
682106
682373
682593
682597
685006
685091
685093
685193
685974
691562
691867
692664
693924
694073
697236
699152
699372
699373
699374
699376
699377
699395
699405
699406
699412
699416
699421
699423
699431
699433
699450
699453
699455
699456
699462
699470
699473
699474
699483
699486
701175
704148
704633
704780
705121
705377
705778
705811
705835
705952
706035
706068
708075
709600
712273
714243
715901
716009
716337
738635
739751
742171
757917
778083
781532
788028
791489
794445
798263
799627
806511
822010
840903
858397
864943
871699
872071
876580
896873
898773
940358
947848
954312
958409
986494
991212
991941
992160
992582
1017790
1031157
1031364
1037712
1038352
1038354
1038355
1038357
1038389
1038390
1038730
1044548
1049461
1050258
1051118
1051124
1051125
1051276
1051353
1051355
1054485
1059668
1062308
1062512
1064511
1073669
1073717
1076140
1077322
1078379
1078476
1078532
1102940
1103972
1117844
1118041
1120185
1121853
1121861
1121862
1121863
1121865
1121867
1121878
1121881
1121900
1121905
1121912
1121914
1121918
1121919
1121920
1121933
1121939
1121941
1121950
1121952
1121953
1121958
1121962
1123018
1142547
1145509
1151796
1153493
1153494
1153495
1153572
1153672
1158402
1158403
1160052
1161221
1178704
1193367
1204084
1204085
1204086
1214046
1215321
1228747
1229711
1241099
1248678
1248730
1248731
1248732
1248733
1248741
1248748
1248760
1248762
1248825
1248836
1248838
1277157
1277553
1280054
1280078
1285392
1285394
1285395
1285396
1285397
1304559
1304641
1326477
1328912
1330340
1331852
1336997
1336998
1336999
1337005
1339278
1339281
1339907
1340277
1340892
1340894
1341082
1341084
1341219
1344709
1347273
1348550
1349878
1351456
1351917
1355754
1355848
1355850
1355853
1355854
1355855
1355857
1355867
1355926
1356484
1357436
1358551
1359038
1360388
1363360
1363818
1364024
1369603
1369604
1369605
1369607
1369608
1369610
1369638
1369640
1369642
1369644
1369646
1369648
1369651
1369655
1369656
1369657
1369659
1369660
1369669
1370034
1376005
1376006
1376008
1376009
1376010
1376011
1376012
1376013
1376014
1376019
1376028
1376054
1376065
1376072
1376092
1376097
1376100
1376107
1376124
1376137
1376138
1376140
1376142
1376143
1376147
1376153
1376661
1376685
1377257
1377263
1377293
1377518
1377665
1377851
1377883
1377907
1377908
1377932
1377939
1377945
1377950
1377952
1377954
1377959
1377965
1377970
1377974
1377978
1377982
1377987
1377989
1377990
1377999
1378002
1378007
1378010
1378011
1378013
1378015
1378018
1378019
1378025
1378026
1378028
1378029
1378030
1378167
1378389
1378425
1378465
1378487
1378753
1378885
1378910
1378913
1379337
1379344
1379603
1379625
1379630
1379644
1379651
1379656
1379657
1379750
1379758
1379765
1379795
1379830
1380067
1380085
1380086
1380087
1380095
1380096
1380100
1380101
1380104
1380106
1380107
1380123
1380135
1380140
1380150
1380151
1380168
1380176
1380209
1380293
1380301
1380307
1380340
1380344
1380413
1380450
1380544
1380577
1380602
1380693
1380695
1380774
1380812
1380836
1380863
1380877
1380904
1380924
1380925
1380933
1380936
1380941
1380942
1380943
1380947
1380975
1380990
1380992
1380994
1380996
1381004
1381057
1381154
1381255
1381304
1381313
1381331
1381447
1381727
1381774
1381980
1382064
1382322
1382807
1382808
1382812
1382993
1382994
1382995
1382996
1382997
1383000
1383001
1383004
1383006
1383008
1383010
1383012
1383013
1383015
1383028
1383172
1383354
1383458
1383537
1383541
1383547
1383569
1383571
1383627
1383722
1383724
1406675
1407411
1410635
1417028
1418014
1418053
1418074
1418075
1418084
1418091
1418097
1420377
1425665
1439217
1442757
1445435
1445828
1448219
1449133
1449150
1449151
1449158
1449167
1449169
1449181
1449186
1449190
1449192
1449218
1449219
1449220
1449222
1449229
1449347
1449451
1450238
1450253
1451061
1451123
1503092
1510461
1525737
1528367
1532240
1532645
1533286
1535336
1536859
1537155
1537268
1537653
1537769
1538559
1539205
1540465
1540479
1540480
1540481
1540484
1540489
1540495
1540501
1540504
1540505
1540507
1540509
1540510
1540511
1540520
1540521
1540525
1540527
1540806
1542157
1543312
1543375
1543376
1548671
1567700
1570706
1570837
1589794
1590760
1590761
1592320
1592322
1592326
1592332
1592338
1592344
1592355
1592358
1592363
1592384
1592385
1592393
1592394
1592399
1592405
1592407
1592408
1592409
1593392
1594639
1595327
1595395
1610476
1615692
1623950
1626732
1626740
1626741
1626743
1626748
1626749
1626751
1626752
1626757
1626758
1626761
1626764
1626776
1626777
1626792
1629652
1671123
1672024
1672366
1672475
1672484
1672700
1672744
1673259
1673434
1673803
1674082
1674090
1674197
1675249
1675783
1676284
1676656
1677014
1677325
1677558
1678284
1678363
1724957
1731642
1736091
1737244
1757351
1761965
1763543
1763544
1763549
1763551
1763554
1763556
1763559
1763560
1763565
1763567
1763572
1763573
1763574
1763584
1763586
1763589
1763612
1763640
1763646
1763649
1763651
1763771
1766455
1766456
1768774
1780336
1782496
1797574
1817518
1825632
1826000
1831168
1832976
1837803
1926755
1926757
1926758
1926763
1926770
1926775
1926820
1926822
1926823
1926834
1926835
1926845
1926906
1926907
1926908
1926909
1926911
1926912
1926917
1926959
1926972
1926980
1927030
1927033
1927034
1927037
1927038
1927040
1927101
1927102
1927111
1927155
1927158
1927160
1927162
1927212
1927216
1927217
1927225
1927281
1927831
1928117
1928978
1941483
1951344
1966507
1987927
2034550
2039153
2039197
2039198
2039200
2039214
2039217
2039218
2039219
2039237
2039247
2039261
2039284
2039291
2039297
2039299
2039301
2039302
2039319
2039328
2039329
2039330
2039343
2039348
2039353
2039364
2089491
2096358
2096368
2096370
2096371
2096380
2096393
2096404
2096419
2096420
2096424
2096435
2096444
2099025
2104231
2146132
2158101
2196851
2197272
2197273
2197274
2197277
2197279
2197281
2197332
2197349
2197378
2197380
2197381
2197382
2197385
2197386
2197387
2197388
2197390
2197391
2197392
2197393
2197394
2197400
2197422
2197426
2197427
2197429
2197430
2197433
2197435
2197437
2197438
2197439
2197440
2197442
2197547
2197548
2197549
2197562
2197564
2197565
2197566
2197568
2197569
2197585
2197586
2197587
2197595
2197596
2197598
2197609
2197611
2197622
2197625
2197627
2197637
2197638
2197639
2197640
2197648
2197651
2197669
2197691
2197692
2197693
2197694
2197695
2197697
2197700
2197701
2197704
2197714
2197715
2197716
2197721
2197726
2197727
2197728
2197730
2197732
2197737
2197738
2197739
2197740
2197742
2197756
2197758
2197779
2197786
2197788
2197790
2197791
2197792
2197793
2197794
2197795
2197802
2197803
2197808
2197810
2197815
2197820
2197829
2197833
2197844
2197845
2197848
2197857
2197897
2197900
2197915
2197918
2198147
2198565
2198936
2199112
2199303
2205527
2206847
2224030
2241718
2267090
2276425
2282945
2286380
2287105
2294618
2335035
2335036
2335037
2335038
2335059
2335062
2335113
2335118
2335136
2335156
2335163
2335182
2335183
2335187
2335191
2335194
2335200
2335305
2335310
2335311
2335374
2335383
2335474
2335484
2335487
2335488
2335493
2335497
2335499
2335504
2335505
2335506
2335507
2335508
2335522
2335537
2335544
2335556
2335559
2335561
2335591
2335605
2335637
2335694
2335705
2335721
2335727
2335733
2335745
2335749
2335773
2335790
2335803
2335810
2335812
2335815
2335823
2335882
2335955
2335961
2336018
2336033
2336081
2336095
2336099
2336110
2336121
2336139
2336154
2336155
2336156
2336158
2336159
2336180
2336182
2337802
2337891
2339113
2339126
2339849
2340364
2340464
2341011
2341159
2342179
2406188
2429562
2453082
2456099
2464645
2464648
2464653
2464672
2464679
2464681
2464682
2464732
2464691
2464692
2464693
2464695
2464696
2464702
2464703
2464719
2464723
2464724
2464731
2464751
2464814
2464819
2464824
2464825
2464826
2464837
2464936
2464942
2465050
2465161
2466823
2467625
2468225
2486476
2486532
2486533
2486534
2486535
2486579
2537381
2537474
2537475
2537490
2739470
2739479
2739480
2739481
2739482
2739483
2739851
2739927
2739936
